ilosc:	16	17	18	19	20	21	22	23	24	25	
b = 0,5
czas_PD:	0.02316765785217284	0.025789546966552723	0.027755546569824208	0.039240407943725575	0.0341787815093994	0.049834775924682606	0.04933624267578124	0.05237488746643065	0.06355552673339843	0.054781484603881825	
czas_BF1:	0.3268893241882324	0.6694655895233155	1.4991918087005616	2.9963605880737303	6.191621351242065	13.02744393348694	27.41210608482361	57.16009693145752	120.53494744300842	255.55732922554017	
czas_BF2:	0.4542847156524658	0.8095703601837159	1.586087989807129	3.9767637729644774	8.067855405807496	15.734128046035767	30.58948450088501	68.27892642021179	151.3022568702698	338.9520812511444	
czas_GH4:	0.0027578353881835826	0.0008297443389892467	0.0018744945526122936	0.0022190093994140514	0.0006626129150390514	0.0017540931701660045	0.0015509605407714733	0.004418182373046864	0.003621864318847645	0.015563297271728505	
b = 0,25
czas_PD:	0.016465234756469715	0.015834856033325184	0.01607065200805663	0.033568906784057606	0.03253917694091796	0.03349428176879882	0.03185467720031737	0.032876062393188465	0.03348069190979003	0.04210524559020995	
czas_BF1:	0.21653919219970702	0.36075143814086913	0.8314393043518067	1.7351563453674317	3.2550731182098387	7.402267265319824	15.42704873085022	29.743427801132203	68.55053215026855	130.26978878974916	
czas_BF2:	0.06257109642028807	0.06388311386108397	0.12308697700500487	0.17229871749877929	0.3337393283843994	0.620802927017212	1.0594187259674073	1.998650598526001	4.456444549560547	6.132740306854248	
czas_GH4:	0.0005269527435302623	0.00025992393493651234	0.00016431808471678577	0.004001188278198231	0.0003219127655029186	0.0036097049713134655	0.001899290084838856	0.0029645442962646373	0.00045113563537596546	0.009498405456542958	
b = 0,75
czas_PD:	0.03259735107421874	0.06546096801757811	0.06145815849304198	0.07921342849731444	0.06073908805847167	0.07538323402404784	0.09544782638549804	0.07856755256652831	0.09360604286193847	0.10580425262451171	
czas_BF1:	0.33144311904907225	0.6987438678741456	1.5507748603820801	3.151173162460327	6.754176664352417	16.111442375183106	28.900860118865968	63.59979681968689	133.16659002304078	260.5022161483765	
czas_BF2:	0.5781009674072266	1.2885601997375489	2.7061548709869383	5.733308601379394	12.004570531845093	27.59693388938904	53.60697345733642	109.35030107498169	244.95662837028505	476.77784447669984	
czas_GH4:	0.002030181884765614	0.0014441490173339733	0.0009017467498779186	0.0014207839965820201	0.002080726623535145	0.01472024917602538	0.0010881900787353405	0.001393127441406239	0.01509718894958495	0.001363086700439442	
b = 0,25
rozwiazanie_PD:	41382	49376	45688	52727	59331	45800	48512	64524	59099	63003	
rozwiazanie_GH1:	36467	49376	44678	45636	58599	41290	43306	64524	54410	63003	
rozwiazanie_GH2:	37245	41862	41541	35963	59331	36788	29668	50611	44298	53272	
rozwiazanie_GH3:	25791	18725	38059	29461	50489	37563	35697	46483	44751	53609	
rozwiazanie_GH4:	36467	49376	44678	45636	58599	41290	43306	64524	54410	63003	
b = 0,5
rozwiazanie_PD:	62299	77244	63555	81587	78494	70016	80626	89540	90117	86951	
rozwiazanie_GH1:	59232	77244	63099	78464	74962	66715	80626	88176	85856	83378	
rozwiazanie_GH2:	52630	67599	57010	65643	71210	59654	62234	65978	74749	72315	
rozwiazanie_GH3:	55523	51948	52735	75219	77896	62174	71007	81620	90117	83204	
rozwiazanie_GH4:	59232	77244	63099	78464	74962	66715	80626	88176	85856	83378	
b = 0,75
rozwiazanie_PD:	79749	97770	75186	102630	89132	88921	97056	100732	103679	104253	
rozwiazanie_GH1:	79749	92103	73043	101067	89132	87577	97056	99952	102146	103724	
rozwiazanie_GH2:	67722	92879	72575	87154	80795	83190	83506	81434	94597	97184	
rozwiazanie_GH3:	79749	96797	72184	97068	89132	83704	91401	99368	101520	101954	
rozwiazanie_GH4:	79749	92103	73043	101067	89132	87577	97056	99952	102146	103724	
b = 0,25
blad_GH1:	11.877144652264269	0.0	2.210646121519874	13.448517837161228	1.2337563836780097	9.847161572052402	10.731365435356201	0.0	7.934144401766527	0.0	
blad_GH2:	9.997100188487748	15.217919637070644	9.076781649448433	31.793957554952872	0.0	19.676855895196507	38.84399736147757	21.562519372636537	25.044416995211428	15.445296255733854	
blad_GH3:	37.67580107293026	62.07671743357096	16.698038872351603	44.125400648624044	14.902833257487655	17.98471615720524	26.416144459102902	27.96013886305871	24.277906563562833	14.91040109201149	
blad_GH4:	11.877144652264269	0.0	2.210646121519874	13.448517837161228	1.2337563836780097	9.847161572052402	10.731365435356201	0.0	7.934144401766527	0.0	
b = 0,5
blad_GH1:	4.9230324724313395	0.0	0.7174887892376681	3.8278157059335434	4.499706983973297	4.714636654478976	0.0	1.5233415233415233	4.7282976574897075	4.109210934894366	
blad_GH2:	15.52031332766176	12.486406711200871	10.298166942018725	19.542329047519825	9.27969016740133	14.799474405850091	22.811500012402945	26.314496314496317	17.053386153555934	16.832468861772725	
blad_GH3:	10.876579078315864	32.74817461550412	17.024624341121864	7.805165038547808	0.7618416694269625	11.200297074954296	11.930394661771636	8.845208845208845	0.0	4.30932364205127	
blad_GH4:	4.9230324724313395	0.0	0.7174887892376681	3.8278157059335434	4.499706983973297	4.714636654478976	0.0	1.5233415233415233	4.7282976574897075	4.109210934894366	
b = 0,75
blad_GH1:	0.0	5.796256520405032	2.8502646769345357	1.5229465068693364	0.0	1.511453987247107	0.0	0.7743318905610929	1.4786022241726868	0.5074194507592108	
blad_GH2:	15.081066847233194	5.0025570215812625	3.4727209852898144	15.079411478125305	9.353543059731633	6.4450467268699185	13.961012199142765	19.157765159035858	8.759729549860626	6.780620221960039	
blad_GH3:	0.0	0.9951927994272272	3.9927646104327934	5.419467991815258	0.0	5.8670055442471405	5.826533135509396	1.3540880752888853	2.082388911930092	2.20521232002916	
blad_GH4:	0.0	5.796256520405032	2.8502646769345357	1.5229465068693364	0.0	1.511453987247107	0.0	0.7743318905610929	1.4786022241726868	0.5074194507592108	
